# Time
259230.
259260.
259290.
259320.
259350.
259380.
259410.
259440.
259470.
259500.
259530.
259560.
259590.
259620.
259650.
259680.
259710.
259740.
259770.
259800.
259830.
259860.
259890.
259920.
259950.
259980.
260010.
260040.
260070.
260100.
260130.
260160.
260190.
260220.
260250.
260280.
260310.
260340.
260370.
260400.
260430.
260460.
260490.
260520.
260550.
260580.
260610.
260640.
260670.
260700.
260730.
260760.
260790.
260820.
260850.
260880.
260910.
260940.
260970.
261000.
261030.
261060.
261090.
261120.
261150.
261180.
261210.
261240.
261270.
261300.
261330.
261360.
261390.
261420.
261450.
261480.
261510.
261540.
261570.
261600.
261630.
261660.
261690.
261720.
261750.
261780.
261810.
261840.
261870.
261900.
261930.
261960.
261990.
262020.
262050.
262080.
262110.
262140.
262170.
262200.
262230.
262260.
262290.
262320.
262350.
262380.
262410.
262440.
262470.
262500.
262530.
262560.
262590.
262620.
262650.
262680.
262710.
262740.
262770.
262800.
262830.
262860.
262890.
262920.
262950.
262980.
263010.
263040.
263070.
263100.
263130.
263160.
263190.
263220.
263250.
263280.
263310.
263340.
263370.
263400.
263430.
263460.
263490.
263520.
263550.
263580.
263610.
263640.
263670.
263700.
263730.
263760.
263790.
263820.
263850.
263880.
263910.
263940.
263970.
264000.
264030.
264060.
264090.
264120.
264150.
264180.
264210.
264240.
264270.
264300.
264330.
264360.
264390.
264420.
264450.
264480.
264510.
264540.
264570.
264600.
264630.
264660.
264690.
264720.
264750.
264780.
264810.
264840.
264870.
264900.
264930.
264960.
264990.
265020.
265050.
265080.
265110.
265140.
265170.
265200.
265230.
265260.
265290.
265320.
265350.
265380.
265410.
265440.
265470.
265500.
265530.
265560.
265590.
265620.
265650.
265680.
265710.
265740.
265770.
265800.
265830.
265860.
265890.
265920.
265950.
265980.
266010.
266040.
266070.
266100.
266130.
266160.
266190.
266220.
266250.
266280.
266310.
266340.
266370.
266400.
266430.
266460.
266490.
266520.
266550.
266580.
266610.
266640.
266670.
266700.
266730.
266760.
266790.
266820.
266850.
266880.
266910.
266940.
266970.
267000.
267030.
267060.
267090.
267120.
267150.
267180.
267210.
267240.
267270.
267300.
267330.
267360.
267390.
267420.
267450.
267480.
267510.
267540.
267570.
267600.
267630.
267660.
267690.
267720.
267750.
267780.
267810.
267840.
267870.
267900.
267930.
267960.
267990.
268020.
268050.
268080.
268110.
268140.
268170.
268200.
268230.
268260.
268290.
268320.
268350.
268380.
268410.
268440.
268470.
268500.
268530.
268560.
268590.
268620.
268650.
268680.
268710.
268740.
268770.
268800.
268830.
268860.
268890.
268920.
268950.
268980.
269010.
269040.
269070.
269100.
269130.
269160.
269190.
269220.
269250.
269280.
269310.
269340.
269370.
269400.
269430.
269460.
269490.
269520.
269550.
269580.
269610.
269640.
269670.
269700.
269730.
269760.
269790.
269820.
269850.
269880.
269910.
269940.
269970.
270000.
270030.
270060.
270090.
270120.
270150.
270180.
270210.
270240.
270270.
270300.
270330.
270360.
270390.
270420.
270450.
270480.
270510.
270540.
270570.
270600.
270630.
270660.
270690.
270720.
270750.
270780.
270810.
270840.
270870.
270900.
270930.
270960.
270990.
271020.
271050.
271080.
271110.
271140.
271170.
271200.
271230.
271260.
271290.
271320.
271350.
271380.
271410.
271440.
271470.
271500.
271530.
271560.
271590.
271620.
271650.
271680.
271710.
271740.
271770.
271800.
271830.
271860.
271890.
271920.
271950.
271980.
272010.
272040.
272070.
272100.
272130.
272160.
272190.
272220.
272250.
272280.
272310.
272340.
272370.
272400.
272430.
272460.
272490.
272520.
272550.
272580.
272610.
272640.
272670.
272700.
272730.
272760.
272790.
272820.
272850.
272880.
272910.
272940.
272970.
273000.
273030.
273060.
273090.
273120.
273150.
273180.
273210.
273240.
273270.
273300.
273330.
273360.
273390.
273420.
273450.
273480.
273510.
273540.
273570.
273600.
273660.
273720.
273780.
273840.
273900.
273960.
274020.
274080.
274140.
274200.
274260.
274320.
274380.
274440.
274500.
274560.
274620.
274680.
274740.
274800.
274860.
274920.
274980.
275040.
275100.
275160.
275220.
275280.
275340.
275400.
275460.
275520.
275580.
275640.
275700.
275760.
275820.
275880.
275940.
276000.
276060.
276120.
276180.
276240.
276300.
276360.
276420.
276480.
276540.
276600.
276660.
276720.
276780.
276840.
276900.
276960.
277020.
277080.
277140.
277200.
277260.
277320.
277380.
277440.
277500.
277560.
277620.
277680.
277740.
277800.
277860.
277920.
277980.
278040.
278100.
278160.
278220.
278280.
278340.
278400.
278460.
278520.
278580.
278640.
278700.
278760.
278820.
278880.
278940.
279000.
279060.
279120.
279180.
279240.
279300.
279360.
279420.
279480.
279540.
279600.
279660.
279720.
279780.
279840.
279900.
279960.
280020.
280080.
280140.
280200.
280260.
280320.
280380.
280440.
280500.
280560.
280620.
280680.
280740.
280800.
280860.
280920.
280980.
281040.
281100.
281160.
281220.
281280.
281340.
281400.
281460.
281520.
281580.
281640.
281700.
281760.
281820.
281880.
281940.
282000.
282060.
282120.
282180.
282240.
282300.
282360.
282420.
282480.
282540.
282600.
282660.
282720.
282780.
282840.
282900.
282960.
283020.
283080.
283140.
283200.
283260.
283320.
283380.
283440.
283500.
283560.
283620.
283680.
283740.
283800.
283860.
283920.
283980.
284040.
284100.
284160.
284220.
284280.
284340.
284400.
284460.
284520.
284580.
284640.
284700.
284760.
284820.
284880.
284940.
285000.
285060.
285120.
285180.
285240.
285300.
285360.
285420.
285480.
285540.
285600.
285660.
285720.
285780.
285840.
285900.
285960.
286020.
286080.
286140.
286200.
286260.
286320.
286380.
286440.
286500.
286560.
286620.
286680.
286740.
286800.
286860.
286920.
286980.
287040.
287100.
287160.
287220.
287280.
287340.
287400.
287460.
287520.
287580.
287640.
287700.
287760.
287820.
287880.
287940.
288000.
288120.
288240.
288360.
288480.
288600.
288720.
288840.
288960.
289080.
289200.
289320.
289440.
289560.
289680.
289800.
289920.
290040.
290160.
290280.
290400.
290520.
290640.
290760.
290880.
291000.
291120.
291240.
291360.
291480.
291600.
291720.
291840.
291960.
292080.
292200.
292320.
292440.
292560.
292680.
292800.
292920.
293040.
293160.
293280.
293400.
293520.
293640.
293760.
293880.
294000.
294120.
294240.
294360.
294480.
294600.
294720.
294840.
294960.
295080.
295200.
295320.
295440.
295560.
295680.
295800.
295920.
296040.
296160.
296280.
296400.
296520.
296640.
296760.
296880.
297000.
297120.
297240.
297360.
297480.
297600.
297720.
297840.
297960.
298080.
298200.
298320.
298440.
298560.
298680.
298800.
298920.
299040.
299160.
299280.
299400.
299520.
299640.
299760.
299880.
300000.
300120.
300240.
300360.
300480.
300600.
300720.
300840.
300960.
301080.
301200.
301320.
301440.
301560.
301680.
301800.
301920.
302040.
302160.
302280.
302400.
302520.
302640.
302760.
302880.
303000.
303120.
303240.
303360.
303480.
303600.
303720.
303840.
303960.
304080.
304200.
304320.
304440.
304560.
304680.
304800.
304920.
305040.
305160.
305280.
305400.
305520.
305640.
305760.
305880.
306000.
306120.
306240.
306360.
306480.
306600.
306720.
306840.
306960.
307080.
307200.
307320.
307440.
307560.
307680.
307800.
307920.
308040.
308160.
308280.
308400.
308520.
308640.
308760.
308880.
309000.
309120.
309240.
309360.
309480.
309600.
309720.
309840.
309960.
310080.
310200.
310320.
310440.
310560.
310680.
310800.
310920.
311040.
311160.
311280.
311400.
311520.
311640.
311760.
311880.
312000.
312120.
312240.
312360.
312480.
312600.
312720.
312840.
312960.
313080.
313200.
313320.
313440.
313560.
313680.
313800.
313920.
314040.
314160.
314280.
314400.
314520.
314640.
314760.
314880.
315000.
315120.
315240.
315360.
315480.
315600.
315720.
315840.
315960.
316080.
316200.
316320.
316440.
316560.
316680.
316800.
316920.
317040.
317160.
317280.
317400.
317520.
317640.
317760.
317880.
318000.
318120.
318240.
318360.
318480.
318600.
318720.
318840.
318960.
319080.
319200.
319320.
319440.
319560.
319680.
319800.
319920.
320040.
320160.
320280.
320400.
320520.
320640.
320760.
320880.
321000.
321120.
321240.
321360.
321480.
321600.
321720.
321840.
321960.
322080.
322200.
322320.
322440.
322560.
322680.
322800.
322920.
323040.
323160.
323280.
323400.
323520.
323640.
323760.
323880.
324000.
324120.
324240.
324360.
324480.
324600.
324720.
324840.
324960.
325080.
325200.
325320.
325440.
325560.
325680.
325800.
325920.
326040.
326160.
326280.
326400.
326520.
326640.
326760.
326880.
327000.
327120.
327240.
327360.
327480.
327600.
327720.
327840.
327960.
328080.
328200.
328320.
328440.
328560.
328680.
328800.
328920.
329040.
329160.
329280.
329400.
329520.
329640.
329760.
329880.
330000.
330120.
330240.
330360.
330480.
330600.
330720.
330840.
330960.
331080.
331200.
