# Time
129720.
129840.
129960.
130080.
130200.
130320.
130440.
130560.
130680.
130800.
130920.
131040.
131160.
131280.
131400.
131520.
131640.
131760.
131880.
132000.
132120.
132240.
132360.
132480.
132600.
132720.
132840.
132960.
133080.
133200.
133320.
133440.
133560.
133680.
133800.
133920.
134040.
134160.
134280.
134400.
134520.
134640.
134760.
134880.
135000.
135120.
135240.
135360.
135480.
135600.
135720.
135840.
135960.
136080.
136200.
136320.
136440.
136560.
136680.
136800.
136920.
137040.
137160.
137280.
137400.
137520.
137640.
137760.
137880.
138000.
138120.
138240.
138360.
138480.
138600.
138720.
138840.
138960.
139080.
139200.
139320.
139440.
139560.
139680.
139800.
139920.
140040.
140160.
140280.
140400.
140520.
140640.
140760.
140880.
141000.
141120.
141240.
141360.
141480.
141600.
141720.
141840.
141960.
142080.
142200.
142320.
142440.
142560.
142680.
142800.
142920.
143040.
143160.
143280.
143400.
143520.
143640.
143760.
143880.
144000.
144030.
144060.
144090.
144120.
144150.
144180.
144210.
144240.
144270.
144300.
144330.
144360.
144390.
144420.
144450.
144480.
144510.
144540.
144570.
144600.
144630.
144660.
144690.
144720.
144750.
144780.
144810.
144840.
144870.
144900.
144930.
144960.
144990.
145020.
145050.
145080.
145110.
145140.
145170.
145200.
145230.
145260.
145290.
145320.
145350.
145380.
145410.
145440.
145470.
145500.
145530.
145560.
145590.
145620.
145650.
145680.
145710.
145740.
145770.
145800.
145830.
145860.
145890.
145920.
145950.
145980.
146010.
146040.
146070.
146100.
146130.
146160.
146190.
146220.
146250.
146280.
146310.
146340.
146370.
146400.
146430.
146460.
146490.
146520.
146550.
146580.
146610.
146640.
146670.
146700.
146730.
146760.
146790.
146820.
146850.
146880.
146910.
146940.
146970.
147000.
147030.
147060.
147090.
147120.
147150.
147180.
147210.
147240.
147270.
147300.
147330.
147360.
147390.
147420.
147450.
147480.
147510.
147540.
147570.
147600.
147630.
147660.
147690.
147720.
147750.
147780.
147810.
147840.
147870.
147900.
147930.
147960.
147990.
148020.
148050.
148080.
148110.
148140.
148170.
148200.
148230.
148260.
148290.
148320.
148350.
148380.
148410.
148440.
148470.
148500.
148530.
148560.
148590.
148620.
148650.
148680.
148710.
148740.
148770.
148800.
148830.
148860.
148890.
148920.
148950.
148980.
149010.
149040.
149070.
149100.
149130.
149160.
149190.
149220.
149250.
149280.
149310.
149340.
149370.
149400.
149430.
149460.
149490.
149520.
149550.
149580.
149610.
149640.
149670.
149700.
149730.
149760.
149790.
149820.
149850.
149880.
149910.
149940.
149970.
150000.
150030.
150060.
150090.
150120.
150150.
150180.
150210.
150240.
150270.
150300.
150330.
150360.
150390.
150420.
150450.
150480.
150510.
150540.
150570.
150600.
150630.
150660.
150690.
150720.
150750.
150780.
150810.
150840.
150870.
150900.
150930.
150960.
150990.
151020.
151050.
151080.
151110.
151140.
151170.
151200.
151230.
151260.
151290.
151320.
151350.
151380.
151410.
151440.
151470.
151500.
151530.
151560.
151590.
151620.
151650.
151680.
151710.
151740.
151770.
151800.
151830.
151860.
151890.
151920.
151950.
151980.
152010.
152040.
152070.
152100.
152130.
152160.
152190.
152220.
152250.
152280.
152310.
152340.
152370.
152400.
152430.
152460.
152490.
152520.
152550.
152580.
152610.
152640.
152670.
152700.
152730.
152760.
152790.
152820.
152850.
152880.
152910.
152940.
152970.
153000.
153030.
153060.
153090.
153120.
153150.
153180.
153210.
153240.
153270.
153300.
153330.
153360.
153390.
153420.
153450.
153480.
153510.
153540.
153570.
153600.
153630.
153660.
153690.
153720.
153750.
153780.
153810.
153840.
153870.
153900.
153930.
153960.
153990.
154020.
154050.
154080.
154110.
154140.
154170.
154200.
154230.
154260.
154290.
154320.
154350.
154380.
154410.
154440.
154470.
154500.
154530.
154560.
154590.
154620.
154650.
154680.
154710.
154740.
154770.
154800.
154830.
154860.
154890.
154920.
154950.
154980.
155010.
155040.
155070.
155100.
155130.
155160.
155190.
155220.
155250.
155280.
155310.
155340.
155370.
155400.
155430.
155460.
155490.
155520.
155550.
155580.
155610.
155640.
155670.
155700.
155730.
155760.
155790.
155820.
155850.
155880.
155910.
155940.
155970.
156000.
156030.
156060.
156090.
156120.
156150.
156180.
156210.
156240.
156270.
156300.
156330.
156360.
156390.
156420.
156450.
156480.
156510.
156540.
156570.
156600.
156630.
156660.
156690.
156720.
156750.
156780.
156810.
156840.
156870.
156900.
156930.
156960.
156990.
157020.
157050.
157080.
157110.
157140.
157170.
157200.
157230.
157260.
157290.
157320.
157350.
157380.
157410.
157440.
157470.
157500.
157530.
157560.
157590.
157620.
157650.
157680.
157710.
157740.
157770.
157800.
157830.
157860.
157890.
157920.
157950.
157980.
158010.
158040.
158070.
158100.
158130.
158160.
158190.
158220.
158250.
158280.
158310.
158340.
158370.
158400.
158520.
158640.
158760.
158880.
159000.
159120.
159240.
159360.
159480.
159600.
159720.
159840.
159960.
160080.
160200.
160320.
160440.
160560.
160680.
160800.
160920.
161040.
161160.
161280.
161400.
161520.
161640.
161760.
161880.
162000.
162120.
162240.
162360.
162480.
162600.
162720.
162840.
162960.
163080.
163200.
163320.
163440.
163560.
163680.
163800.
163920.
164040.
164160.
164280.
164400.
164520.
164640.
164760.
164880.
165000.
165120.
165240.
165360.
165480.
165600.
165720.
165840.
165960.
166080.
166200.
166320.
166440.
166560.
166680.
166800.
166920.
167040.
167160.
167280.
167400.
167520.
167640.
167760.
167880.
168000.
168120.
168240.
168360.
168480.
168600.
168720.
168840.
168960.
169080.
169200.
169320.
169440.
169560.
169680.
169800.
169920.
170040.
170160.
170280.
170400.
170520.
170640.
170760.
170880.
171000.
171120.
171240.
171360.
171480.
171600.
171720.
171840.
171960.
172080.
172200.
172320.
172440.
172560.
172680.
172800.
172920.
173040.
173160.
173280.
173400.
173520.
173640.
173760.
173880.
174000.
174120.
174240.
174360.
174480.
174600.
174720.
174840.
174960.
175080.
175200.
175320.
175440.
175560.
175680.
175800.
175920.
176040.
176160.
176280.
176400.
176520.
176640.
176760.
176880.
177000.
177120.
177240.
177360.
177480.
177600.
177720.
177840.
177960.
178080.
178200.
178320.
178440.
178560.
178680.
178800.
178920.
179040.
179160.
179280.
179400.
179520.
179640.
179760.
179880.
180000.
180120.
180240.
180360.
180480.
180600.
180720.
180840.
180960.
181080.
181200.
181320.
181440.
181560.
181680.
181800.
181920.
182040.
182160.
182280.
182400.
182520.
182640.
182760.
182880.
183000.
183120.
183240.
183360.
183480.
183600.
183720.
183840.
183960.
184080.
184200.
184320.
184440.
184560.
184680.
184800.
184920.
185040.
185160.
185280.
185400.
185520.
185640.
185760.
185880.
186000.
186120.
186240.
186360.
186480.
186600.
186720.
186840.
186960.
187080.
187200.
187320.
187440.
187560.
187680.
187800.
187920.
188040.
188160.
188280.
188400.
188520.
188640.
188760.
188880.
189000.
189120.
189240.
189360.
189480.
189600.
189720.
189840.
189960.
190080.
190200.
190320.
190440.
190560.
190680.
190800.
190920.
191040.
191160.
191280.
191400.
191520.
191640.
191760.
191880.
192000.
192120.
192240.
192360.
192480.
192600.
192720.
192840.
192960.
193080.
193200.
193320.
193440.
193560.
193680.
193800.
193920.
194040.
194160.
194280.
194400.
194520.
194640.
194760.
194880.
195000.
195120.
195240.
195360.
195480.
195600.
195720.
195840.
195960.
196080.
196200.
196320.
196440.
196560.
196680.
196800.
196920.
197040.
197160.
197280.
197400.
197520.
197640.
197760.
197880.
198000.
198120.
198240.
198360.
198480.
198600.
198720.
198840.
198960.
199080.
199200.
199320.
199440.
199560.
199680.
199800.
199920.
200040.
200160.
200280.
200400.
200520.
200640.
200760.
200880.
201000.
201120.
201240.
201360.
201480.
201600.
201630.
201660.
201690.
201720.
201750.
201780.
201810.
201840.
201870.
201900.
201930.
201960.
201990.
202020.
202050.
202080.
202110.
202140.
202170.
202200.
202230.
202260.
202290.
202320.
202350.
202380.
202410.
202440.
202470.
202500.
202530.
202560.
202590.
202620.
202650.
202680.
202710.
202740.
202770.
202800.
202830.
202860.
202890.
202920.
202950.
202980.
203010.
203040.
203070.
203100.
203130.
203160.
203190.
203220.
203250.
203280.
203310.
203340.
203370.
203400.
203430.
203460.
203490.
203520.
203550.
203580.
203610.
203640.
203670.
203700.
203730.
203760.
203790.
203820.
203850.
203880.
203910.
203940.
203970.
204000.
204030.
204060.
204090.
204120.
204150.
204180.
204210.
204240.
204270.
204300.
204330.
204360.
204390.
204420.
204450.
204480.
204510.
204540.
204570.
204600.
204630.
204660.
204690.
204720.
204750.
204780.
204810.
204840.
204870.
204900.
204930.
204960.
204990.
205020.
205050.
205080.
205110.
205140.
205170.
205200.
205230.
205260.
205290.
205320.
205350.
205380.
205410.
205440.
205470.
205500.
205530.
205560.
205590.
205620.
205650.
205680.
205710.
205740.
205770.
205800.
205830.
205860.
205890.
205920.
205950.
205980.
206010.
206040.
206070.
206100.
206130.
206160.
206190.
206220.
206250.
206280.
206310.
206340.
206370.
206400.
206430.
206460.
206490.
206520.
206550.
206580.
206610.
206640.
206670.
206700.
206730.
206760.
206790.
206820.
206850.
206880.
206910.
206940.
206970.
207000.
207030.
207060.
207090.
207120.
207150.
207180.
207210.
207240.
207270.
207300.
207330.
207360.
207390.
207420.
207450.
207480.
207510.
207540.
207570.
207600.
207630.
207660.
207690.
207720.
207750.
207780.
207810.
207840.
207870.
207900.
207930.
207960.
207990.
208020.
208050.
208080.
208110.
208140.
208170.
208200.
208230.
208260.
208290.
208320.
208350.
208380.
208410.
208440.
208470.
208500.
208530.
208560.
208590.
208620.
208650.
208680.
208710.
208740.
208770.
208800.
208830.
208860.
208890.
208920.
208950.
208980.
209010.
209040.
209070.
209100.
209130.
209160.
209190.
209220.
209250.
209280.
209310.
209340.
209370.
209400.
209430.
209460.
209490.
209520.
209550.
209580.
209610.
209640.
209670.
209700.
209730.
209760.
209790.
209820.
209850.
209880.
209910.
209940.
209970.
210000.
210030.
210060.
210090.
210120.
210150.
210180.
210210.
210240.
210270.
210300.
210330.
210360.
210390.
210420.
210450.
210480.
210510.
210540.
210570.
210600.
210630.
210660.
210690.
210720.
210750.
210780.
210810.
210840.
210870.
210900.
210930.
210960.
210990.
211020.
211050.
211080.
211110.
211140.
211170.
211200.
211230.
211260.
211290.
211320.
211350.
211380.
211410.
211440.
211470.
211500.
211530.
211560.
211590.
211620.
211650.
211680.
211710.
211740.
211770.
211800.
211830.
211860.
211890.
211920.
211950.
211980.
212010.
212040.
212070.
212100.
212130.
212160.
212190.
212220.
212250.
212280.
212310.
212340.
212370.
212400.
212430.
212460.
212490.
212520.
212550.
212580.
212610.
212640.
212670.
212700.
212730.
212760.
212790.
212820.
212850.
212880.
212910.
212940.
212970.
213000.
213030.
213060.
213090.
213120.
213150.
213180.
213210.
213240.
213270.
213300.
213330.
213360.
213390.
213420.
213450.
213480.
213510.
213540.
213570.
213600.
213630.
213660.
213690.
213720.
213750.
213780.
213810.
213840.
213870.
213900.
213930.
213960.
213990.
214020.
214050.
214080.
214110.
214140.
214170.
214200.
214230.
214260.
214290.
214320.
214350.
214380.
214410.
214440.
214470.
214500.
214530.
214560.
214590.
214620.
214650.
214680.
214710.
214740.
214770.
214800.
214830.
214860.
214890.
214920.
214950.
214980.
215010.
215040.
215070.
215100.
215130.
215160.
215190.
215220.
215250.
215280.
215310.
215340.
215370.
215400.
215430.
215460.
215490.
215520.
215550.
215580.
215610.
215640.
215670.
215700.
215730.
215760.
215790.
215820.
215850.
215880.
215910.
215940.
215970.
216000.
216030.
216060.
216090.
216120.
216150.
216180.
216210.
216240.
216270.
216300.
216330.
216360.
216390.
216420.
216450.
216480.
216510.
216540.
216570.
216600.
216630.
216660.
216690.
216720.
216750.
216780.
216810.
216840.
216870.
216900.
216930.
216960.
216990.
217020.
217050.
217080.
217110.
217140.
217170.
217200.
217230.
217260.
217290.
217320.
217350.
217380.
217410.
217440.
217470.
217500.
217530.
217560.
217590.
217620.
217650.
217680.
217710.
217740.
217770.
217800.
217830.
217860.
217890.
217920.
217950.
217980.
218010.
218040.
218070.
218100.
218130.
218160.
218190.
218220.
218250.
218280.
218310.
218340.
218370.
218400.
218430.
218460.
218490.
218520.
218550.
218580.
218610.
218640.
218670.
218700.
218730.
218760.
218790.
218820.
218850.
218880.
218910.
218940.
218970.
219000.
219030.
219060.
219090.
219120.
219150.
219180.
219210.
219240.
219270.
219300.
219330.
219360.
219390.
219420.
219450.
219480.
219510.
219540.
219570.
219600.
219630.
219660.
219690.
219720.
219750.
219780.
219810.
219840.
219870.
219900.
219930.
219960.
219990.
220020.
220050.
220080.
220110.
220140.
220170.
220200.
220230.
220260.
220290.
220320.
220350.
220380.
220410.
220440.
220470.
220500.
220530.
220560.
220590.
220620.
220650.
220680.
220710.
220740.
220770.
220800.
220830.
220860.
220890.
220920.
220950.
220980.
221010.
221040.
221070.
221100.
221130.
221160.
221190.
221220.
221250.
221280.
221310.
221340.
221370.
221400.
221430.
221460.
221490.
221520.
221550.
221580.
221610.
221640.
221670.
221700.
221730.
221760.
221790.
221820.
221850.
221880.
221910.
221940.
221970.
222000.
222030.
222060.
222090.
222120.
222150.
222180.
222210.
222240.
222270.
222300.
222330.
222360.
222390.
222420.
222450.
222480.
222510.
222540.
222570.
222600.
222630.
222660.
222690.
222720.
222750.
222780.
222810.
222840.
222870.
222900.
222930.
222960.
222990.
223020.
223050.
223080.
223110.
223140.
223170.
223200.
223230.
223260.
223290.
223320.
223350.
223380.
223410.
223440.
223470.
223500.
223530.
223560.
223590.
223620.
223650.
223680.
223710.
223740.
223770.
223800.
223830.
223860.
223890.
223920.
223950.
223980.
224010.
224040.
224070.
224100.
224130.
224160.
224190.
224220.
224250.
224280.
224310.
224340.
224370.
224400.
224430.
224460.
224490.
224520.
224550.
224580.
224610.
224640.
224670.
224700.
224730.
224760.
224790.
224820.
224850.
224880.
224910.
224940.
224970.
225000.
225030.
225060.
225090.
225120.
225150.
225180.
225210.
225240.
225270.
225300.
225330.
225360.
225390.
225420.
225450.
225480.
225510.
225540.
225570.
225600.
225630.
225660.
225690.
225720.
225750.
225780.
225810.
225840.
225870.
225900.
225930.
225960.
225990.
226020.
226050.
226080.
226110.
226140.
226170.
226200.
226230.
226260.
226290.
226320.
226350.
226380.
226410.
226440.
226470.
226500.
226530.
226560.
226590.
226620.
226650.
226680.
226710.
226740.
226770.
226800.
226830.
226860.
226890.
226920.
226950.
226980.
227010.
227040.
227070.
227100.
227130.
227160.
227190.
227220.
227250.
227280.
227310.
227340.
227370.
227400.
227430.
227460.
227490.
227520.
227550.
227580.
227610.
227640.
227670.
227700.
227730.
227760.
227790.
227820.
227850.
227880.
227910.
227940.
227970.
228000.
228030.
228060.
228090.
228120.
228150.
228180.
228210.
228240.
228270.
228300.
228330.
228360.
228390.
228420.
228450.
228480.
228510.
228540.
228570.
228600.
228630.
228660.
228690.
228720.
228750.
228780.
228810.
228840.
228870.
228900.
228930.
228960.
228990.
229020.
229050.
229080.
229110.
229140.
229170.
229200.
229230.
229260.
229290.
229320.
229350.
229380.
229410.
229440.
229470.
229500.
229530.
229560.
229590.
229620.
229650.
229680.
229710.
229740.
229770.
229800.
229830.
229860.
229890.
229920.
229950.
229980.
230010.
230040.
230070.
230100.
230130.
230160.
230190.
230220.
230250.
230280.
230310.
230340.
230370.
230400.
230430.
230460.
230490.
230520.
230550.
230580.
230610.
230640.
230670.
230700.
230730.
230760.
230790.
230820.
230850.
230880.
230910.
230940.
230970.
231000.
231030.
231060.
231090.
231120.
231150.
231180.
231210.
231240.
231270.
231300.
231330.
231360.
231390.
231420.
231450.
231480.
231510.
231540.
231570.
231600.
231630.
231660.
231690.
231720.
231750.
231780.
231810.
231840.
231870.
231900.
231930.
231960.
231990.
232020.
232050.
232080.
232110.
232140.
232170.
232200.
232230.
232260.
232290.
232320.
232350.
232380.
232410.
232440.
232470.
232500.
232530.
232560.
232590.
232620.
232650.
232680.
232710.
232740.
232770.
232800.
232830.
232860.
232890.
232920.
232950.
232980.
233010.
233040.
233070.
233100.
233130.
233160.
233190.
233220.
233250.
233280.
233310.
233340.
233370.
233400.
233430.
233460.
233490.
233520.
233550.
233580.
233610.
233640.
233670.
233700.
233730.
233760.
233790.
233820.
233850.
233880.
233910.
233940.
233970.
234000.
234030.
234060.
234090.
234120.
234150.
234180.
234210.
234240.
234270.
234300.
234330.
234360.
234390.
234420.
234450.
234480.
234510.
234540.
234570.
234600.
234630.
234660.
234690.
234720.
234750.
234780.
234810.
234840.
234870.
234900.
234930.
234960.
234990.
235020.
235050.
235080.
235110.
235140.
235170.
235200.
235230.
235260.
235290.
235320.
235350.
235380.
235410.
235440.
235470.
235500.
235530.
235560.
235590.
235620.
235650.
235680.
235710.
235740.
235770.
235800.
235830.
235860.
235890.
235920.
235950.
235980.
236010.
236040.
236070.
236100.
236130.
236160.
236190.
236220.
236250.
236280.
236310.
236340.
236370.
236400.
236430.
236460.
236490.
236520.
236550.
236580.
236610.
236640.
236670.
236700.
236730.
236760.
236790.
236820.
236850.
236880.
236910.
236940.
236970.
237000.
237030.
237060.
237090.
237120.
237150.
237180.
237210.
237240.
237270.
237300.
237330.
237360.
237390.
237420.
237450.
237480.
237510.
237540.
237570.
237600.
237630.
237660.
237690.
237720.
237750.
237780.
237810.
237840.
237870.
237900.
237930.
237960.
237990.
238020.
238050.
238080.
238110.
238140.
238170.
238200.
238230.
238260.
238290.
238320.
238350.
238380.
238410.
238440.
238470.
238500.
238530.
238560.
238590.
238620.
238650.
238680.
238710.
238740.
238770.
238800.
238830.
238860.
238890.
238920.
238950.
238980.
239010.
239040.
239070.
239100.
239130.
239160.
239190.
239220.
239250.
239280.
239310.
239340.
239370.
239400.
239430.
239460.
239490.
239520.
239550.
239580.
239610.
239640.
239670.
239700.
239730.
239760.
239790.
239820.
239850.
239880.
239910.
239940.
239970.
240000.
240030.
240060.
240090.
240120.
240150.
240180.
240210.
240240.
240270.
240300.
240330.
240360.
240390.
240420.
240450.
240480.
240510.
240540.
240570.
240600.
240630.
240660.
240690.
240720.
240750.
240780.
240810.
240840.
240870.
240900.
240930.
240960.
240990.
241020.
241050.
241080.
241110.
241140.
241170.
241200.
241230.
241260.
241290.
241320.
241350.
241380.
241410.
241440.
241470.
241500.
241530.
241560.
241590.
241620.
241650.
241680.
241710.
241740.
241770.
241800.
241830.
241860.
241890.
241920.
241950.
241980.
242010.
242040.
242070.
242100.
242130.
242160.
242190.
242220.
242250.
242280.
242310.
242340.
242370.
242400.
242430.
242460.
242490.
242520.
242550.
242580.
242610.
242640.
242670.
242700.
242730.
242760.
242790.
242820.
242850.
242880.
242910.
242940.
242970.
243000.
243030.
243060.
243090.
243120.
243150.
243180.
243210.
243240.
243270.
243300.
243330.
243360.
243390.
243420.
243450.
243480.
243510.
243540.
243570.
243600.
243630.
243660.
243690.
243720.
243750.
243780.
243810.
243840.
243870.
243900.
243930.
243960.
243990.
244020.
244050.
244080.
244110.
244140.
244170.
244200.
244230.
244260.
244290.
244320.
244350.
244380.
244410.
244440.
244470.
244500.
244530.
244560.
244590.
244620.
244650.
244680.
244710.
244740.
244770.
244800.
244830.
244860.
244890.
244920.
244950.
244980.
245010.
245040.
245070.
245100.
245130.
245160.
245190.
245220.
245250.
245280.
245310.
245340.
245370.
245400.
245430.
245460.
245490.
245520.
245550.
245580.
245610.
245640.
245670.
245700.
245730.
245760.
245790.
245820.
245850.
245880.
245910.
245940.
245970.
246000.
246030.
246060.
246090.
246120.
246150.
246180.
246210.
246240.
246270.
246300.
246330.
246360.
246390.
246420.
246450.
246480.
246510.
246540.
246570.
246600.
246630.
246660.
246690.
246720.
246750.
246780.
246810.
246840.
246870.
246900.
246930.
246960.
246990.
247020.
247050.
247080.
247110.
247140.
247170.
247200.
247230.
247260.
247290.
247320.
247350.
247380.
247410.
247440.
247470.
247500.
247530.
247560.
247590.
247620.
247650.
247680.
247710.
247740.
247770.
247800.
247830.
247860.
247890.
247920.
247950.
247980.
248010.
248040.
248070.
248100.
248130.
248160.
248190.
248220.
248250.
248280.
248310.
248340.
248370.
248400.
248430.
248460.
248490.
248520.
248550.
248580.
248610.
248640.
248670.
248700.
248730.
248760.
248790.
248820.
248850.
248880.
248910.
248940.
248970.
249000.
249030.
249060.
249090.
249120.
249150.
249180.
249210.
249240.
249270.
249300.
249330.
249360.
249390.
249420.
249450.
249480.
249510.
249540.
249570.
249600.
249630.
249660.
249690.
249720.
249750.
249780.
249810.
249840.
249870.
249900.
249930.
249960.
249990.
250020.
250050.
250080.
250110.
250140.
250170.
250200.
250230.
250260.
250290.
250320.
250350.
250380.
250410.
250440.
250470.
250500.
250530.
250560.
250590.
250620.
250650.
250680.
250710.
250740.
250770.
250800.
250830.
250860.
250890.
250920.
250950.
250980.
251010.
251040.
251070.
251100.
251130.
251160.
251190.
251220.
251250.
251280.
251310.
251340.
251370.
251400.
251430.
251460.
251490.
251520.
251550.
251580.
251610.
251640.
251670.
251700.
251730.
251760.
251790.
251820.
251850.
251880.
251910.
251940.
251970.
252000.
252120.
252240.
252360.
252480.
252600.
252720.
252840.
252960.
253080.
253200.
253320.
253440.
253560.
253680.
253800.
253920.
254040.
254160.
254280.
254400.
254520.
254640.
254760.
254880.
255000.
255120.
255240.
255360.
255480.
255600.
255720.
255840.
255960.
256080.
256200.
256320.
256440.
256560.
256680.
256800.
256920.
257040.
257160.
257280.
257400.
257520.
257640.
257760.
257880.
258000.
258120.
258240.
258360.
258480.
258600.
258720.
258840.
258960.
259080.
259200.
